88.0 0.0
208.0 97.0
72.0 48.0
18.0 186.0
178.0 76.0
56.0 121.0
83.0 93.0
57.0 100.0
205.0 136.0
73.0 27.0
114.0 2.0
94.0 27.0
17.0 134.0
210.0 34.0
191.0 58.0
203.0 103.0
48.0 50.0
198.0 64.0
22.0 154.0
197.0 180.0
161.0 117.0
68.0 38.0
46.0 100.0
131.0 196.0
6.0 199.0
70.0 64.0
79.0 20.0
177.0 85.0
159.0 32.0
83.0 15.0
221.0 158.0
171.0 158.0
76.0 15.0
88.0 94.0
92.0 7.0
203.0 88.0
88.0 35.0
194.0 69.0
212.0 25.0
172.0 156.0
163.0 69.0
214.0 131.0
32.0 79.0
11.0 136.0
196.0 137.0
63.0 115.0
197.0 127.0
81.0 43.0
21.0 120.0
186.0 40.0
74.0 131.0
5.0 199.0
46.0 119.0
199.0 129.0
18.0 132.0
211.0 20.0
89.0 111.0
191.0 67.0
79.0 142.0
34.0 72.0
92.0 8.0
221.0 205.0
81.0 50.0
79.0 9.0
214.0 138.0
137.0 32.0
83.0 60.0
158.0 50.0
72.0 90.0
193.0 150.0
166.0 173.0
216.0 214.0
10.0 174.0
46.0 0.0
40.0 124.0
78.0 116.0
75.0 125.0
45.0 97.0
78.0 53.0
160.0 54.0
133.0 173.0
183.0 46.0
84.0 92.0
200.0 24.0
15.0 145.0
69.0 115.0
86.0 82.0
214.0 212.0
80.0 118.0
150.0 30.0
184.0 57.0
50.0 51.0
199.0 20.0
94.0 121.0
90.0 115.0
57.0 127.0
75.0 116.0
208.0 142.0
174.0 34.0
218.0 174.0
88.0 30.0
158.0 71.0
188.0 178.0
134.0 19.0
43.0 144.0
214.0 196.0
72.0 105.0
6.0 154.0
6.0 153.0
68.0 130.0
217.0 152.0
15.0 129.0
165.0 8.0
206.0 14.0
190.0 22.0
54.0 129.0
189.0 149.0
55.0 18.0
153.0 50.0
52.0 66.0
217.0 176.0
66.0 101.0
86.0 25.0
206.0 110.0
52.0 120.0
63.0 42.0
79.0 112.0
81.0 42.0
86.0 107.0
179.0 76.0
20.0 111.0
203.0 166.0
209.0 128.0
8.0 88.0
190.0 72.0
194.0 85.0
71.0 84.0
95.0 41.0
83.0 82.0
35.0 69.0
87.0 87.0
51.0 118.0
158.0 54.0
79.0 15.0
88.0 27.0
84.0 13.0
27.0 93.0
223.0 188.0
24.0 119.0
156.0 6.0
64.0 38.0
91.0 25.0
83.0 104.0
63.0 79.0
87.0 128.0
81.0 49.0
59.0 27.0
110.0 102.0
169.0 51.0
160.0 28.0
222.0 169.0
199.0 117.0
142.0 9.0
19.0 120.0
83.0 5.0
86.0 127.0
164.0 7.0
60.0 65.0
56.0 22.0
3.0 74.0
183.0 75.0
155.0 7.0
6.0 167.0
17.0 187.0
165.0 69.0
177.0 80.0
77.0 45.0
51.0 124.0
52.0 141.0
215.0 147.0
209.0 140.0
66.0 138.0
220.0 202.0
42.0 131.0
7.0 148.0
207.0 181.0
79.0 108.0
9.0 153.0
24.0 154.0
89.0 128.0
10.0 169.0
108.0 102.0
59.0 32.0
199.0 2.0
134.0 34.0
132.0 18.0
200.0 140.0
153.0 7.0
83.0 131.0
180.0 63.0
152.0 79.0
32.0 98.0
6.0 194.0
159.0 123.0
39.0 124.0
196.0 74.0
40.0 146.0
1.0 198.0
24.0 120.0
35.0 84.0
79.0 109.0
188.0 26.0
86.0 137.0
198.0 81.0
108.0 92.0
139.0 195.0
106.0 87.0
27.0 105.0
82.0 100.0
47.0 61.0
76.0 26.0
8.0 127.0
182.0 76.0
44.0 66.0
173.0 174.0
222.0 166.0
168.0 25.0
4.0 201.0
60.0 129.0
187.0 58.0
83.0 14.0
219.0 171.0
214.0 160.0
16.0 122.0
183.0 107.0
209.0 165.0
28.0 115.0
63.0 36.0
128.0 194.0
68.0 109.0
147.0 124.0
25.0 97.0
219.0 160.0
166.0 73.0
71.0 20.0
214.0 163.0
34.0 102.0
112.0 95.0
38.0 82.0
43.0 63.0
32.0 108.0
10.0 68.0
200.0 164.0
177.0 118.0
179.0 101.0
207.0 14.0
200.0 66.0
8.0 134.0
193.0 112.0
55.0 47.0
188.0 58.0
152.0 8.0
93.0 61.0
70.0 86.0
54.0 33.0
179.0 81.0
14.0 141.0
191.0 181.0
193.0 171.0
75.0 63.0
190.0 55.0
176.0 98.0
162.0 33.0
178.0 85.0
206.0 176.0
211.0 27.0
200.0 111.0
198.0 79.0
209.0 41.0
194.0 15.0
175.0 38.0
80.0 122.0
37.0 102.0
16.0 120.0
215.0 146.0
204.0 132.0
155.0 6.0
57.0 126.0
158.0 15.0
107.0 88.0
156.0 34.0
77.0 118.0
203.0 120.0
19.0 127.0
7.0 101.0
66.0 72.0
83.0 94.0
192.0 68.0
214.0 132.0
90.0 9.0
9.0 141.0
62.0 129.0
179.0 33.0
75.0 133.0
203.0 182.0
190.0 131.0
159.0 28.0
39.0 64.0
219.0 212.0
205.0 183.0
91.0 158.0
90.0 27.0
13.0 192.0
210.0 152.0
185.0 107.0
73.0 111.0
189.0 54.0
63.0 111.0
223.0 183.0
64.0 101.0
5.0 189.0
176.0 133.0
11.0 164.0
223.0 223.0
24.0 114.0
75.0 12.0
193.0 88.0
87.0 143.0
1.0 211.0
39.0 131.0
188.0 65.0
193.0 148.0
183.0 34.0
186.0 47.0
53.0 86.0
67.0 130.0
186.0 39.0
213.0 175.0
62.0 108.0
88.0 127.0
189.0 178.0
51.0 48.0
18.0 138.0
197.0 90.0
121.0 16.0
29.0 90.0
164.0 62.0
87.0 85.0
159.0 50.0
92.0 138.0
183.0 119.0
206.0 144.0
144.0 127.0
206.0 13.0
191.0 72.0
204.0 105.0
176.0 95.0
182.0 108.0
94.0 122.0
72.0 117.0
94.0 134.0
68.0 36.0
206.0 127.0
182.0 109.0
162.0 161.0
53.0 33.0
4.0 73.0
7.0 99.0
179.0 174.0
211.0 163.0
82.0 6.0
8.0 131.0
12.0 46.0
50.0 66.0
85.0 128.0
220.0 203.0
180.0 160.0
217.0 151.0
68.0 70.0
78.0 105.0
206.0 186.0
6.0 193.0
35.0 117.0
80.0 7.0
180.0 120.0
52.0 18.0
204.0 111.0
131.0 184.0
40.0 78.0
48.0 13.0
67.0 48.0
6.0 152.0
211.0 164.0
181.0 76.0
141.0 30.0
195.0 16.0
7.0 96.0
51.0 142.0
154.0 7.0
182.0 41.0
185.0 177.0
211.0 29.0
187.0 167.0
203.0 10.0
160.0 16.0
185.0 131.0
191.0 48.0
59.0 86.0
95.0 28.0
48.0 16.0
194.0 18.0
12.0 48.0
160.0 125.0
210.0 33.0
12.0 193.0
74.0 137.0
56.0 86.0
9.0 196.0
64.0 34.0
10.0 73.0
171.0 80.0
74.0 26.0
67.0 65.0
179.0 164.0
137.0 27.0
194.0 111.0
191.0 161.0
216.0 150.0
195.0 137.0
92.0 145.0
46.0 80.0
1.0 185.0
54.0 39.0
43.0 61.0
158.0 28.0
219.0 167.0
72.0 93.0
48.0 6.0
210.0 154.0
39.0 82.0
92.0 115.0
191.0 134.0
28.0 122.0
32.0 96.0
178.0 153.0
53.0 36.0
29.0 91.0
23.0 154.0
209.0 141.0
59.0 108.0
56.0 36.0
188.0 112.0
175.0 153.0
75.0 81.0
207.0 132.0
83.0 39.0
29.0 114.0
28.0 151.0
113.0 10.0
166.0 79.0
192.0 135.0
94.0 129.0
94.0 103.0
18.0 116.0
40.0 74.0
172.0 127.0
77.0 111.0
61.0 29.0
150.0 188.0
195.0 114.0
176.0 88.0
12.0 43.0
6.0 105.0
168.0 167.0
188.0 128.0
39.0 109.0
74.0 122.0
41.0 125.0
88.0 32.0
48.0 18.0
176.0 30.0
113.0 12.0
88.0 87.0
177.0 121.0
177.0 61.0
33.0 111.0
16.0 188.0
190.0 66.0
159.0 79.0
54.0 57.0
195.0 173.0
57.0 128.0
192.0 87.0
60.0 39.0
23.0 116.0
69.0 71.0
57.0 108.0
146.0 36.0
169.0 161.0
20.0 185.0
87.0 134.0
6.0 107.0
104.0 158.0
85.0 9.0
55.0 48.0
186.0 74.0
171.0 79.0
48.0 17.0
215.0 212.0
214.0 135.0
178.0 106.0
217.0 155.0
223.0 152.0
177.0 76.0
63.0 34.0
201.0 8.0
171.0 165.0
17.0 154.0
164.0 118.0
41.0 81.0
172.0 73.0
94.0 8.0
175.0 25.0
211.0 165.0
72.0 104.0
213.0 201.0
218.0 159.0
174.0 145.0
165.0 159.0
72.0 83.0
57.0 20.0
173.0 84.0
77.0 125.0
176.0 112.0
182.0 56.0
62.0 113.0
138.0 9.0
145.0 164.0
78.0 26.0
169.0 29.0
192.0 71.0
77.0 23.0
12.0 44.0
200.0 23.0
205.0 124.0
153.0 124.0
68.0 122.0
195.0 120.0
113.0 6.0
106.0 92.0
48.0 100.0
207.0 93.0
218.0 156.0
96.0 124.0
70.0 126.0
71.0 64.0
91.0 138.0
96.0 64.0
51.0 43.0
215.0 195.0
2.0 178.0
96.0 132.0
1.0 199.0
36.0 84.0
108.0 103.0
40.0 109.0
49.0 125.0
35.0 120.0
8.0 135.0
176.0 28.0
181.0 34.0
67.0 122.0
167.0 158.0
162.0 118.0
4.0 183.0
123.0 17.0
165.0 126.0
214.0 144.0
84.0 91.0
212.0 197.0
182.0 147.0
212.0 125.0
83.0 95.0
47.0 87.0
199.0 3.0
81.0 82.0
191.0 46.0
50.0 120.0
23.0 124.0
12.0 36.0
15.0 137.0
10.0 160.0
185.0 39.0
79.0 59.0
209.0 108.0
180.0 61.0
6.0 110.0
164.0 0.0
184.0 165.0
86.0 22.0
208.0 96.0
76.0 129.0
138.0 10.0
208.0 175.0
56.0 27.0
198.0 134.0
4.0 64.0
31.0 107.0
209.0 171.0
192.0 67.0
156.0 123.0
70.0 28.0
93.0 141.0
190.0 86.0
200.0 134.0
193.0 71.0
6.0 116.0
196.0 72.0
64.0 110.0
192.0 20.0
65.0 46.0
176.0 107.0
73.0 97.0
150.0 50.0
209.0 189.0
70.0 127.0
18.0 158.0
185.0 165.0
66.0 31.0
100.0 160.0
132.0 13.0
35.0 102.0
11.0 182.0
191.0 168.0
23.0 121.0
198.0 176.0
52.0 54.0
166.0 162.0
37.0 67.0
54.0 23.0
201.0 140.0
202.0 180.0
191.0 103.0
212.0 198.0
208.0 149.0
203.0 114.0
216.0 164.0
207.0 115.0
218.0 222.0
136.0 32.0
32.0 110.0
70.0 29.0
173.0 37.0
16.0 121.0
90.0 11.0
195.0 82.0
168.0 162.0
178.0 33.0
57.0 28.0
209.0 105.0
157.0 171.0
78.0 82.0
26.0 107.0
94.0 140.0
77.0 140.0
204.0 174.0
184.0 38.0
100.0 42.0
7.0 103.0
190.0 67.0
70.0 36.0
169.0 55.0
68.0 80.0
18.0 140.0
48.0 67.0
19.0 138.0
196.0 114.0
86.0 147.0
80.0 119.0
25.0 153.0
222.0 157.0
78.0 140.0
174.0 20.0
86.0 108.0
200.0 83.0
165.0 24.0
162.0 50.0
92.0 144.0
132.0 177.0
91.0 112.0
88.0 82.0
174.0 131.0
223.0 218.0
167.0 163.0
95.0 116.0
27.0 116.0
80.0 18.0
194.0 136.0
190.0 149.0
189.0 25.0
143.0 37.0
148.0 167.0
161.0 183.0
12.0 50.0
112.0 17.0
195.0 60.0
188.0 133.0
132.0 178.0
21.0 155.0
44.0 69.0
109.0 102.0
71.0 83.0
176.0 77.0
190.0 179.0
12.0 27.0
180.0 129.0
131.0 186.0
48.0 9.0
166.0 45.0
88.0 115.0
113.0 4.0
139.0 8.0
94.0 124.0
217.0 218.0
181.0 164.0
81.0 150.0
184.0 147.0
13.0 133.0
55.0 65.0
199.0 7.0
26.0 106.0
112.0 9.0
41.0 63.0
173.0 125.0
61.0 33.0
223.0 185.0
195.0 17.0
57.0 48.0
222.0 170.0
142.0 7.0
177.0 132.0
12.0 41.0
183.0 37.0
205.0 178.0
173.0 97.0
192.0 161.0
198.0 184.0
19.0 158.0
45.0 88.0
69.0 138.0
216.0 205.0
11.0 168.0
186.0 45.0
81.0 134.0
176.0 90.0
196.0 75.0
178.0 155.0
76.0 39.0
219.0 199.0
162.0 183.0
200.0 139.0
111.0 105.0
22.0 148.0
41.0 71.0
14.0 163.0
157.0 32.0
197.0 62.0
58.0 44.0
48.0 20.0
87.0 133.0
1.0 193.0
222.0 177.0
172.0 71.0
5.0 168.0
169.0 43.0
186.0 63.0
34.0 91.0
196.0 61.0
194.0 70.0
23.0 106.0
6.0 119.0
130.0 182.0
223.0 186.0
164.0 50.0
1.0 71.0
7.0 125.0
40.0 145.0
15.0 139.0
15.0 150.0
182.0 165.0
147.0 36.0
199.0 102.0
58.0 126.0
218.0 214.0
142.0 30.0
194.0 121.0
209.0 99.0
26.0 96.0
77.0 100.0
162.0 53.0
182.0 82.0
128.0 195.0
51.0 100.0
167.0 22.0
152.0 169.0
180.0 158.0
37.0 82.0
195.0 72.0
9.0 84.0
167.0 32.0
154.0 185.0
204.0 122.0
173.0 38.0
191.0 87.0
78.0 44.0
42.0 100.0
212.0 24.0
83.0 142.0
207.0 186.0
191.0 86.0
163.0 159.0
216.0 149.0
55.0 32.0
197.0 63.0
85.0 60.0
29.0 123.0
182.0 129.0
171.0 162.0
87.0 61.0
134.0 12.0
50.0 48.0
189.0 55.0
211.0 121.0
155.0 50.0
151.0 188.0
176.0 146.0
66.0 149.0
21.0 136.0
168.0 127.0
62.0 111.0
10.0 157.0
180.0 118.0
181.0 130.0
177.0 130.0
55.0 66.0
32.0 97.0
64.0 31.0
192.0 49.0
83.0 54.0
153.0 192.0
62.0 58.0
45.0 48.0
183.0 56.0
114.0 1.0
37.0 120.0
84.0 25.0
209.0 150.0
145.0 127.0
23.0 134.0
54.0 86.0
174.0 128.0
222.0 154.0
15.0 144.0
155.0 123.0
188.0 51.0
23.0 108.0
20.0 137.0
10.0 66.0
202.0 119.0
65.0 111.0
210.0 118.0
90.0 112.0
188.0 149.0
81.0 10.0
70.0 81.0
177.0 146.0
131.0 181.0
45.0 47.0
89.0 109.0
47.0 51.0
192.0 182.0
75.0 59.0
112.0 18.0
222.0 179.0
93.0 142.0
223.0 222.0
34.0 148.0
161.0 72.0
179.0 146.0
76.0 125.0
196.0 127.0
211.0 131.0
167.0 35.0
95.0 101.0
218.0 173.0
219.0 216.0
218.0 184.0
181.0 99.0
73.0 18.0
160.0 162.0
169.0 30.0
191.0 54.0
58.0 86.0
85.0 21.0
58.0 59.0
91.0 115.0
81.0 7.0
131.0 188.0
199.0 176.0
73.0 66.0
73.0 136.0
153.0 191.0
67.0 86.0
93.0 41.0
158.0 162.0
164.0 69.0
72.0 25.0
42.0 53.0
83.0 132.0
167.0 21.0
180.0 119.0
57.0 25.0
60.0 42.0
216.0 165.0
54.0 140.0
95.0 132.0
207.0 16.0
147.0 166.0
71.0 29.0
179.0 125.0
163.0 17.0
73.0 69.0
38.0 72.0
168.0 28.0
88.0 105.0
40.0 73.0
191.0 135.0
32.0 86.0
170.0 14.0
78.0 136.0
20.0 124.0
153.0 189.0
113.0 97.0
146.0 191.0
53.0 37.0
173.0 148.0
76.0 122.0
83.0 88.0
23.0 103.0
204.0 183.0
164.0 17.0
133.0 175.0
134.0 35.0
207.0 94.0
219.0 211.0
192.0 128.0
73.0 68.0
39.0 123.0
20.0 157.0
199.0 136.0
94.0 61.0
90.0 24.0
48.0 15.0
22.0 110.0
6.0 181.0
171.0 96.0
75.0 61.0
174.0 82.0
35.0 131.0
162.0 126.0
23.0 104.0
170.0 173.0
209.0 17.0
18.0 127.0
209.0 100.0
202.0 71.0
203.0 119.0
222.0 201.0
168.0 119.0
214.0 211.0
62.0 32.0
46.0 46.0
55.0 100.0
19.0 137.0
39.0 128.0
13.0 21.0
148.0 190.0
205.0 138.0
215.0 163.0
193.0 85.0
63.0 108.0
43.0 62.0
81.0 122.0
68.0 132.0
8.0 196.0
132.0 179.0
203.0 138.0
151.0 193.0
62.0 101.0
94.0 116.0
189.0 129.0
1.0 189.0
202.0 111.0
72.0 65.0
6.0 106.0
68.0 138.0
107.0 91.0
9.0 77.0
212.0 201.0
11.0 53.0
46.0 68.0
214.0 203.0
200.0 130.0
48.0 57.0
176.0 81.0
193.0 68.0
180.0 117.0
215.0 182.0
29.0 124.0
10.0 67.0
200.0 10.0
114.0 0.0
194.0 60.0
208.0 188.0
171.0 32.0
162.0 12.0
192.0 112.0
198.0 183.0
26.0 105.0
168.0 165.0
76.0 42.0
81.0 111.0
216.0 213.0
183.0 166.0
112.0 19.0
53.0 129.0
217.0 178.0
17.0 135.0
211.0 132.0
48.0 23.0
41.0 109.0
29.0 89.0
36.0 72.0
71.0 81.0
69.0 109.0
41.0 144.0
56.0 122.0
191.0 149.0
192.0 100.0
179.0 107.0
201.0 79.0
171.0 123.0
63.0 129.0
53.0 108.0
4.0 74.0
18.0 153.0
72.0 60.0
186.0 46.0
75.0 88.0
206.0 119.0
161.0 45.0
56.0 20.0
154.0 186.0
38.0 65.0
72.0 139.0
212.0 206.0
96.0 131.0
21.0 122.0
12.0 49.0
6.0 108.0
143.0 192.0
222.0 211.0
172.0 37.0
8.0 170.0
84.0 149.0
131.0 183.0
56.0 46.0
8.0 178.0
167.0 51.0
34.0 114.0
179.0 105.0
128.0 17.0
223.0 182.0
165.0 54.0
162.0 54.0
178.0 65.0
10.0 138.0
183.0 32.0
18.0 159.0
205.0 89.0
203.0 142.0
173.0 166.0
159.0 15.0
206.0 111.0
74.0 116.0
83.0 4.0
6.0 118.0
136.0 11.0
93.0 106.0
156.0 5.0
175.0 142.0
133.0 13.0
84.0 118.0
66.0 59.0
201.0 80.0
68.0 29.0
88.0 85.0
194.0 114.0
157.0 123.0
12.0 24.0
64.0 47.0
8.0 90.0
191.0 60.0
40.0 81.0
199.0 66.0
186.0 58.0
88.0 37.0
87.0 151.0
68.0 76.0
202.0 113.0
197.0 81.0
80.0 47.0
86.0 104.0
8.0 161.0
61.0 65.0
12.0 40.0
222.0 165.0
1.0 184.0
148.0 124.0
198.0 180.0
145.0 36.0
209.0 184.0
207.0 147.0
34.0 115.0
152.0 171.0
203.0 141.0
33.0 89.0
209.0 129.0
166.0 72.0
76.0 59.0
150.0 189.0
75.0 60.0
48.0 53.0
204.0 177.0
180.0 34.0
201.0 119.0
72.0 18.0
66.0 129.0
11.0 55.0
216.0 166.0
206.0 167.0
11.0 183.0
130.0 168.0
49.0 130.0
209.0 117.0
175.0 111.0
149.0 164.0
164.0 34.0
5.0 184.0
6.0 179.0
212.0 173.0
26.0 117.0
78.0 15.0
216.0 206.0
120.0 17.0
14.0 130.0
86.0 9.0
75.0 47.0
73.0 139.0
175.0 80.0
201.0 9.0
55.0 25.0
75.0 132.0
162.0 2.0
223.0 220.0
28.0 101.0
77.0 88.0
176.0 62.0
46.0 87.0
7.0 123.0
6.0 197.0
18.0 123.0
81.0 105.0
154.0 50.0
9.0 170.0
218.0 183.0
201.0 7.0
73.0 67.0
170.0 120.0
76.0 69.0
177.0 131.0
94.0 127.0
107.0 95.0
72.0 125.0
32.0 149.0
74.0 139.0
131.0 190.0
40.0 84.0
210.0 192.0
131.0 168.0
12.0 37.0
35.0 111.0
139.0 199.0
34.0 93.0
74.0 83.0
202.0 85.0
156.0 32.0
164.0 159.0
210.0 18.0
188.0 159.0
6.0 177.0
58.0 138.0
171.0 157.0
163.0 10.0
24.0 129.0
184.0 118.0
1.0 194.0
105.0 94.0
161.0 43.0
216.0 193.0
146.0 39.0
164.0 66.0
35.0 87.0
180.0 43.0
10.0 159.0
55.0 108.0
56.0 108.0
69.0 147.0
71.0 109.0
83.0 100.0
47.0 62.0
25.0 133.0
38.0 117.0
178.0 128.0
84.0 36.0
63.0 31.0
177.0 91.0
94.0 123.0
159.0 171.0
222.0 164.0
173.0 78.0
66.0 115.0
174.0 130.0
170.0 61.0
157.0 54.0
202.0 165.0
169.0 80.0
80.0 16.0
136.0 12.0
33.0 130.0
76.0 5.0
177.0 120.0
79.0 82.0
73.0 17.0
60.0 28.0
219.0 197.0
1.0 213.0
160.0 43.0
171.0 73.0
24.0 101.0
88.0 29.0
190.0 102.0
67.0 101.0
66.0 75.0
189.0 111.0
219.0 162.0
213.0 199.0
194.0 180.0
211.0 144.0
86.0 83.0
30.0 89.0
82.0 15.0
100.0 161.0
41.0 78.0
10.0 156.0
168.0 166.0
96.0 161.0
61.0 121.0
109.0 91.0
89.0 40.0
172.0 58.0
160.0 127.0
162.0 28.0
77.0 81.0
47.0 119.0
8.0 93.0
44.0 119.0
66.0 108.0
26.0 133.0
52.0 15.0
168.0 23.0
110.0 91.0
52.0 109.0
9.0 86.0
17.0 159.0
198.0 138.0
185.0 44.0
48.0 127.0
46.0 143.0
169.0 73.0
165.0 71.0
28.0 102.0
7.0 145.0
199.0 64.0
6.0 180.0
64.0 129.0
131.0 19.0
82.0 5.0
101.0 160.0
201.0 96.0
68.0 64.0
210.0 191.0
110.0 92.0
6.0 178.0
178.0 60.0
202.0 73.0
47.0 58.0
88.0 137.0
33.0 120.0
81.0 60.0
36.0 73.0
11.0 56.0
57.0 44.0
38.0 91.0
33.0 74.0
216.0 189.0
160.0 50.0
20.0 113.0
160.0 72.0
7.0 121.0
94.0 120.0
71.0 132.0
95.0 10.0
219.0 201.0
67.0 148.0
84.0 82.0
76.0 128.0
176.0 89.0
83.0 114.0
59.0 126.0
137.0 11.0
46.0 60.0
76.0 10.0
205.0 185.0
209.0 138.0
31.0 121.0
67.0 73.0
210.0 167.0
103.0 158.0
188.0 25.0
87.0 131.0
84.0 81.0
50.0 129.0
208.0 110.0
200.0 163.0
59.0 120.0
81.0 106.0
35.0 68.0
219.0 168.0
190.0 44.0
206.0 172.0
222.0 212.0
52.0 100.0
191.0 47.0
37.0 66.0
144.0 163.0
79.0 118.0
184.0 80.0
34.0 88.0
99.0 42.0
76.0 47.0
211.0 28.0
90.0 147.0
9.0 177.0
60.0 108.0
182.0 83.0
171.0 83.0
153.0 186.0
65.0 138.0
145.0 163.0
4.0 65.0
197.0 183.0
1.0 183.0
112.0 13.0
137.0 199.0
64.0 111.0
140.0 194.0
184.0 131.0
10.0 182.0
2.0 214.0
71.0 139.0
72.0 59.0
194.0 88.0
168.0 158.0
58.0 129.0
68.0 86.0
12.0 28.0
7.0 196.0
205.0 112.0
186.0 113.0
36.0 118.0
211.0 159.0
54.0 59.0
108.0 100.0
79.0 111.0
161.0 70.0
84.0 104.0
177.0 81.0
31.0 120.0
187.0 41.0
71.0 112.0
59.0 36.0
1.0 210.0
59.0 138.0
41.0 89.0
81.0 53.0
31.0 103.0
149.0 166.0
189.0 60.0
165.0 162.0
168.0 22.0
65.0 31.0
182.0 99.0
27.0 100.0
192.0 52.0
82.0 55.0
59.0 59.0
143.0 198.0
87.0 145.0
40.0 89.0
6.0 165.0
15.0 149.0
67.0 109.0
185.0 29.0
63.0 23.0
7.0 102.0
57.0 86.0
180.0 85.0
96.0 162.0
78.0 119.0
212.0 21.0
40.0 75.0
61.0 47.0
175.0 174.0
176.0 61.0
200.0 5.0
35.0 148.0
48.0 47.0
186.0 54.0
110.0 99.0
208.0 182.0
62.0 121.0
79.0 126.0
58.0 108.0
37.0 86.0
161.0 54.0
182.0 85.0
70.0 147.0
202.0 74.0
141.0 7.0
78.0 125.0
12.0 26.0
65.0 58.0
77.0 103.0
189.0 159.0
185.0 49.0
211.0 129.0
81.0 126.0
175.0 84.0
7.0 100.0
87.0 26.0
84.0 40.0
160.0 117.0
38.0 73.0
169.0 12.0
73.0 46.0
7.0 182.0
187.0 113.0
47.0 67.0
43.0 50.0
131.0 191.0
61.0 108.0
202.0 131.0
19.0 186.0
12.0 42.0
119.0 17.0
209.0 190.0
152.0 33.0
172.0 154.0
57.0 21.0
141.0 193.0
84.0 9.0
74.0 94.0
205.0 123.0
9.0 85.0
181.0 165.0
63.0 138.0
186.0 85.0
222.0 160.0
202.0 72.0
15.0 20.0
1.0 69.0
7.0 175.0
76.0 58.0
183.0 118.0
73.0 70.0
219.0 200.0
110.0 98.0
91.0 41.0
73.0 39.0
211.0 161.0
178.0 127.0
212.0 207.0
35.0 92.0
84.0 127.0
6.0 151.0
200.0 6.0
201.0 115.0
214.0 177.0
221.0 173.0
75.0 128.0
200.0 67.0
176.0 97.0
45.0 64.0
173.0 85.0
71.0 86.0
38.0 123.0
81.0 46.0
43.0 125.0
32.0 80.0
195.0 89.0
8.0 89.0
183.0 61.0
120.0 16.0
64.0 36.0
89.0 146.0
65.0 59.0
172.0 52.0
207.0 168.0
58.0 41.0
185.0 114.0
44.0 80.0
185.0 38.0
134.0 14.0
78.0 6.0
32.0 84.0
176.0 153.0
65.0 116.0
98.0 30.0
177.0 95.0
174.0 83.0
73.0 135.0
131.0 198.0
205.0 108.0
222.0 159.0
15.0 155.0
185.0 63.0
5.0 190.0
131.0 172.0
178.0 41.0
189.0 133.0
38.0 69.0
172.0 153.0
134.0 199.0
207.0 139.0
89.0 110.0
51.0 87.0
34.0 89.0
19.0 152.0
216.0 186.0
202.0 97.0
212.0 208.0
107.0 96.0
37.0 122.0
223.0 197.0
201.0 131.0
87.0 150.0
161.0 49.0
132.0 192.0
66.0 113.0
12.0 25.0
82.0 82.0
166.0 34.0
77.0 48.0
6.0 164.0
94.0 10.0
161.0 172.0
170.0 51.0
76.0 130.0
131.0 182.0
72.0 111.0
172.0 161.0
25.0 96.0
12.0 165.0
179.0 60.0
180.0 99.0
75.0 5.0
170.0 36.0
175.0 81.0
130.0 193.0
186.0 64.0
206.0 126.0
68.0 45.0
14.0 164.0
210.0 31.0
204.0 10.0
113.0 96.0
68.0 147.0
18.0 117.0
195.0 18.0
86.0 142.0
192.0 104.0
201.0 116.0
53.0 42.0
93.0 105.0
80.0 87.0
199.0 113.0
173.0 153.0
75.0 149.0
187.0 166.0
191.0 169.0
202.0 86.0
43.0 47.0
195.0 83.0
213.0 128.0
206.0 12.0
20.0 156.0
97.0 29.0
66.0 122.0
188.0 167.0
199.0 18.0
90.0 137.0
208.0 116.0
31.0 149.0
69.0 59.0
181.0 43.0
94.0 28.0
89.0 141.0
161.0 13.0
41.0 58.0
213.0 209.0
32.0 76.0
64.0 64.0
26.0 95.0
158.0 126.0
112.0 8.0
16.0 155.0
158.0 79.0
174.0 35.0
183.0 131.0
222.0 162.0
69.0 38.0
16.0 159.0
177.0 158.0
136.0 33.0
90.0 144.0
89.0 61.0
158.0 184.0
1.0 188.0
201.0 95.0
142.0 6.0
59.0 33.0
82.0 97.0
84.0 14.0
171.0 120.0
159.0 3.0
77.0 59.0
189.0 59.0
31.0 91.0
8.0 91.0
65.0 80.0
203.0 165.0
89.0 2.0
133.0 19.0
184.0 157.0
77.0 25.0
74.0 119.0
51.0 141.0
131.0 187.0
182.0 175.0
222.0 214.0
193.0 59.0
53.0 79.0
203.0 132.0
178.0 42.0
39.0 119.0
200.0 75.0
177.0 160.0
168.0 35.0
70.0 146.0
10.0 70.0
205.0 119.0
176.0 40.0
164.0 68.0
215.0 164.0
6.0 182.0
183.0 54.0
196.0 126.0
156.0 162.0
79.0 25.0
193.0 135.0
173.0 74.0
159.0 124.0
162.0 52.0
175.0 52.0
59.0 34.0
172.0 87.0
202.0 77.0
85.0 22.0
205.0 11.0
183.0 156.0
179.0 102.0
84.0 109.0
214.0 201.0
197.0 182.0
94.0 62.0
81.0 40.0
67.0 74.0
90.0 107.0
88.0 33.0
201.0 85.0
80.0 121.0
94.0 133.0
31.0 101.0
199.0 19.0
42.0 79.0
6.0 161.0
200.0 133.0
195.0 61.0
44.0 48.0
52.0 49.0
13.0 147.0
70.0 59.0
83.0 133.0
36.0 130.0
71.0 110.0
94.0 139.0
184.0 32.0
58.0 27.0
179.0 63.0
169.0 36.0
78.0 45.0
75.0 137.0
54.0 16.0
131.0 189.0
76.0 25.0
26.0 153.0
194.0 82.0
71.0 148.0
40.0 131.0
131.0 171.0
186.0 177.0
45.0 144.0
73.0 83.0
85.0 40.0
95.0 161.0
66.0 86.0
79.0 113.0
33.0 94.0
146.0 165.0
10.0 168.0
212.0 195.0
92.0 116.0
177.0 41.0
8.0 95.0
198.0 163.0
186.0 148.0
75.0 62.0
6.0 195.0
92.0 146.0
131.0 18.0
207.0 174.0
194.0 161.0
69.0 86.0
56.0 45.0
211.0 160.0
209.0 107.0
71.0 87.0
176.0 136.0
1.0 195.0
197.0 79.0
212.0 124.0
50.0 124.0
80.0 108.0
165.0 50.0
55.0 122.0
90.0 41.0
12.0 35.0
13.0 165.0
197.0 91.0
67.0 149.0
210.0 153.0
4.0 67.0
62.0 79.0
205.0 116.0
142.0 29.0
82.0 10.0
206.0 180.0
43.0 109.0
14.0 142.0
107.0 97.0
186.0 27.0
76.0 99.0
197.0 138.0
190.0 57.0
166.0 25.0
56.0 100.0
89.0 108.0
83.0 22.0
186.0 29.0
206.0 179.0
66.0 21.0
77.0 135.0
19.0 115.0
101.0 159.0
77.0 42.0
188.0 168.0
157.0 29.0
164.0 70.0
183.0 110.0
213.0 140.0
81.0 25.0
183.0 165.0
217.0 209.0
55.0 129.0
1.0 70.0
132.0 33.0
10.0 71.0
82.0 53.0
193.0 104.0
187.0 85.0
10.0 179.0
162.0 172.0
169.0 60.0
84.0 114.0
184.0 47.0
61.0 129.0
172.0 166.0
0.0 69.0
89.0 142.0
208.0 147.0
48.0 87.0
180.0 147.0
160.0 3.0
32.0 81.0
80.0 20.0
91.0 104.0
184.0 54.0
85.0 111.0
63.0 101.0
83.0 37.0
196.0 138.0
11.0 171.0
37.0 147.0
56.0 79.0
45.0 68.0
55.0 79.0
168.0 46.0
97.0 64.0
66.0 22.0
41.0 76.0
94.0 104.0
41.0 60.0
190.0 111.0
51.0 129.0
176.0 106.0
71.0 28.0
214.0 161.0
178.0 114.0
179.0 109.0
194.0 171.0
92.0 61.0
158.0 123.0
178.0 95.0
204.0 167.0
87.0 95.0
142.0 38.0
161.0 47.0
74.0 128.0
80.0 82.0
203.0 102.0
50.0 44.0
77.0 115.0
164.0 72.0
162.0 1.0
173.0 75.0
32.0 131.0
94.0 137.0
48.0 19.0
46.0 53.0
212.0 27.0
6.0 115.0
180.0 116.0
74.0 81.0
184.0 107.0
199.0 184.0
84.0 136.0
181.0 156.0
210.0 190.0
176.0 118.0
166.0 50.0
74.0 88.0
25.0 123.0
210.0 124.0
83.0 134.0
38.0 119.0
223.0 199.0
68.0 128.0
85.0 144.0
213.0 130.0
220.0 172.0
63.0 112.0
15.0 146.0
74.0 95.0
113.0 20.0
89.0 140.0
51.0 51.0
183.0 62.0
82.0 25.0
49.0 119.0
166.0 20.0
222.0 168.0
208.0 16.0
203.0 173.0
197.0 119.0
67.0 76.0
11.0 65.0
76.0 56.0
61.0 38.0
162.0 49.0
213.0 127.0
187.0 65.0
175.0 118.0
139.0 196.0
96.0 41.0
138.0 198.0
36.0 68.0
69.0 29.0
2.0 72.0
57.0 37.0
215.0 155.0
167.0 54.0
70.0 49.0
73.0 62.0
131.0 199.0
209.0 18.0
43.0 119.0
179.0 103.0
71.0 21.0
2.0 206.0
93.0 116.0
6.0 112.0
137.0 10.0
85.0 109.0
223.0 221.0
157.0 35.0
15.0 138.0
137.0 28.0
57.0 58.0
175.0 87.0
60.0 25.0
209.0 144.0
214.0 202.0
19.0 126.0
195.0 119.0
191.0 131.0
192.0 59.0
78.0 141.0
219.0 164.0
75.0 15.0
47.0 100.0
210.0 171.0
89.0 11.0
78.0 50.0
75.0 39.0
222.0 155.0
164.0 79.0
176.0 158.0
112.0 15.0
27.0 115.0
72.0 77.0
63.0 47.0
19.0 185.0
41.0 77.0
201.0 179.0
201.0 68.0
10.0 72.0
54.0 123.0
81.0 98.0
81.0 124.0
222.0 216.0
143.0 6.0
218.0 181.0
189.0 86.0
96.0 9.0
88.0 38.0
80.0 10.0
72.0 87.0
174.0 79.0
208.0 189.0
